Query Q1
2 0.04101248    1.7940261 0.0002 1.0
2	2.6	0.35
4	3.2	0.2
9	2.75	0.25
15	6	0.033333333
60	8	0
100	7.933333333	0.000666667
250	1.6	0.026
450	1.6	0.026
4 0.02167025	2.27385757  0.0004 2.19129633261581	
2	2.1	0.35               
4	3.1	0.1                
9	1.75	0.25             
15	5	0.033333333          
60	7	0                    
100	6.866666667	0.001333333
250	3.075	0.0165           
450	3.075	0.0165           
10 0.00917313	3.22261166  0.001  4.99579925420858		
2	1.8	0.35               
4	2.56	0.16             
9	1.75	0.25             
15	5	0.03333333333
60 8.40625	-0.0234375
100 5.529166667	0.005333333333
250 2.878125	0.0159375   
450 2.878125	0.0159375                                
14 0.00710768	2.77418194  0.0012 5.74903664138488	
2	1.8	0.25               
4	2.64	0.04           
9	1.5	0.166666667        
15	3.666666667	0.022222222
60	4.34375	0.0109375      
100	4.6375	0.008          
250	2.746875	0.0155625  
450	2.746875	0.0155625  
20 0.00545882	2.87792728  0.0016 7.42924133947781
2	 1.4	0.2        
4	 2.04	0.04       
9	 1.5	0.1        
15	 2.5	0.033333333
60	 4.5	0          
100	 3.3	0.012      
250	 2.55	0.015      
450	 2.55	0.015      
24 0.00477178579596458	3.00391802945092  0.0016 7.42924133947781
2 1.423423423	0.1693693695
4 2.101981982	-0.0002702702
9 1.416103605	0.07593843833
15 2.120870871	0.02895395396
60 3.127533783	0.01217623875
100 3.079091592	0.01266066066
250 2.517483108	0.0149070946
450 2.517483108	0.0149070946
30 0.00411040667424658	3.02659961981277  0.0016 7.42924133947781
2 1.360360361	0.144144144
4 2.021261261	-0.021081081
9 1.37274775	0.05097597583
15 1.705705705	0.02877877878
60 2.447635134	0.0164132883
100 2.713588589	0.01375375375
250 2.463682432	0.01475337838
450 2.463682432	0.01475337838
End Q1
Query Q3
2 0.05783606 3.2105242 0.0002 1.0
2	11	0.5                 
4	11.8	0.3               
9	10	0.5                   
15	15.33333333	0.144444444 
60	3.75	0.3375            
100	35.83333333	0.016666667
250	37.5	0.01              
450	37.5	0.01              
4 0.03120469 2.91181346 0.0004 2.19129633261581	
2	6.5	0.25               
4	7.1	0.1                 
9	6.5	0.166666667         
15	7	0.133333333         
60	14.25	0.0125          
100	15.16666667	0.003333333
250	15.375	0.0025          
450	15.375	0.0025          
10 0.01286733 4.09263074  0.001  4.99579925420858		
2	3.5	0.75               
4	5.7	0.2                
9	6	0.166666667         
15	8	0.033333333         
60	6.25	0.0625          
100	12.16666667	0.003333333
250	10.734375	0.0090625   
450	10.734375	0.0090625   
14 0.00963641	3.7365299 0.0012 5.74903664138488	
2	2	1                    
4	4.8	0.3                
9	6.75	0.083333333      
15	7.666666667	0.022222222 
60	6.75	0.0375           
100	10.16666667	0.003333333
250	7.640625	0.0134375    
450	7.640625	0.0134375    
20 0.00751908 3.97095903 0.0016 7.42924133947781
2	0.5	1                   
4	4.1	0.1                
9	4.25	0.083333333     
15	5.166666667	0.022222222 
60	5	0.025               
100	7.166666667	0.003333333
250	3	0.02                
450	3	0.02                
24 0.00660633562453708	3.88046800700838  0.0016 7.42924133947781
2 0.084459459	1.083896396
4 3.838963964	0.1452702702
9 4.648085584	0.055367868
15 5.201201202	0.01849349349
60 5.27027027	0.01734234235
100 6.671171172	0.003333333333
250 2.233530411	0.02108389638
450 2.233530411	0.02108389638     
30 0.00566682978488732	3.89662897309002  0.0016 7.42924133947781
2 -0.412162163	1.127252252
4 3.572522523	0.131081081
9 4.384009008	0.040915916
15 4.74924925	0.01656656656
60 5.08108108	0.01103603605
100 5.851351352	0.003333333333
250 0.9653716163	0.02287725227
450 0.9653716163	0.02287725227         
End Q3
Query Q4
2 0.0584623	0.90149872  0.0002 1.0
2	4.5	0.25               
4	4.7	0.2                
9	5.3	0.133333333             
15	7.066666667	0.015555556
60	8	0                        
100	7.666666667	0.003333333
250	7.666666666	0.003333333      
450	7.666666666	0.003333333      
4 0.03110349	1.09308114  0.0004 2.19129633261581	
2	4	0.25                 
4	4.6	0.1                
9	5.05	0.05             
15	5.666666667	0.008888889
60	6.2	0                    
100	6	0.002                
250	6	0.002                
450	6	0.002           
10 0.01298862	2.04441459  0.001  4.99579925420858		
2 3.5	0.25
4 4.1	0.1
9 4.25	0.08333333333
15 5.333333333	0.01111111111
60 5.8125	0.003125
100 5.925	0.002
250 5.925	0.002
450 5.925	0.002
14 0.00954076	2.16150043  0.0012 5.74903664138488	
2	3.4	0.2                
4	3.96	0.06             
9	3	0.166666667          
15	5.333333333	0.011111111
60 5.8875	0.001875
100 5.875	0.002
250 5.875	0.002
450 5.925	0.002
20 0.00776636	1.92229304  0.0016 7.42924133947781
2	3	0.25                 
4	3.6	0.1                
9	4.05	0.05              
15	4.733333333	0.004444444
60 3.5	0.025
100 5.8	0.002
250 5.675	0.0025
450 5.675	0.0025
24 0.006603504496	2.055501546  0.0016 7.42924133947781
2 2.989864864	0.230292793
4 3.574099099	0.0842342342
9 3.569031531	0.08479729733
15 4.768468468	0.004834834844
60 3.664977478	0.02322635135
100 5.787612613	0.002
250 5.645298424	0.002569256755
450 5.645298424	0.002569256755
30 0.005655130001	2.079032027  0.0016 7.42924133947781
2 2.909459459	0.2295045045
4 3.493063063	0.0836036036
9 3.517792791	0.080855856
15 4.673873874	0.003783783778
60 3.301576577	0.0266554054
100 5.767117117	0.002
250 5.60411036	0.00265202703
450 5.60411036	0.00265202703
End Q4
Query Q6
2 0.03026267	0.39860678  0.0002 1.0
2	3.7	0.25               
4	4.46	0.06              
9	4.25	0.083333333       
15	5.333333333	0.011111111
60	4.5	0.025              
100	6.333333333	0.006666667
250	6.333333334	0.006666667
450	6.333333334	0.006666667
4 0.01488801	0.75131126  0.0004 2.19129633261581	
2	3.4	0.2                
4	3.72	0.12              
9	4.35	0.05              
15	4.966666667	0.008888889
60	4.75	0.0125            
100	5.2	0.008              
250	5.2	0.008              
450	5.2	0.008              
10 0.00624043	1.17336988  0.001  4.99579925420858		
2	2.8	0.25               
4	3.24	0.14            
9	3.75	0.083333333     
15	4.833333333	0.011111111
60	5.875	-0.00625        
100	4.25	0.01            
250	4.25	0.01            
450	4.25	0.01            
14 0.00471379	1.0719196  0.0012 5.74903664138488	
2	2.5	0.25               
4	3.18	0.08             
9	3.45	0.05             
15	4	0.013333333          
60	4.875	-0.00125         
100	3.616666667	0.011333333
250	3.616666666	0.011333333
450	3.616666666	0.011333333
20 0.00389015	1.21457546  0.0016 7.42924133947781
2	2	0.25                
4	2.6	0.1                 
9	3.05	0.05            
15	3.733333333	0.004444444
60	4	0                   
100	2.666666667	0.013333333
250	2.666666666	0.013333333
450	2.666666666	0.013333333
24 0.00298181969	1.196013521  0.0016 7.42924133947781
2 1.928603604	0.25
4 2.61382883	0.0786936936
9 2.972747748	0.03881381383
15 3.469294294	0.005710710711
60 3.715653154	0.001604729725
100 2.509759759	0.01366366367
250 2.50975976	0.01366366366
450 2.50975976	0.01366366366
30 0.002489461405	1.210977628  0.0016 7.42924133947781
2 1.797747748	0.25
4 2.511981982	0.0714414414
9 2.857657658	0.033033033
15 3.282732733	0.004694694689
60 3.404279278	0.002668918925
100 2.25015015	0.01421021021
250 2.25015015	0.01421021021
450 2.25015015	0.01421021021
End Q6
Query Q9
2 0.05100649	5.4938702  0.0002 1.0
2	3.9	0.4                
4	5.1	0.1                
9	5.25	0.083333333     
15	6.333333333	0.011111111
60	6.25	0.0125          
100	7.166666667	0.003333333
250	7.166666666	0.003333333
450	7.166666666	0.003333333
4 0.02597965	4.66124738   0.0004 2.19129633261581	
2	3	0.25                 
4	3.6	0.1                
9	3	0.166666667          
15	5.166666667	0.022222222
60	6.05	0.0075           
100	6.666666667	0.001333333
250	6.666666666	0.001333333
450	6.666666666	0.001333333
10 0.01065957	4.61343325   0.001  4.99579925420858		
2	2.5	0.25               
4	3.1	0.1                
9	2.5	0.166666667           
15	4.666666667	0.022222222
60	4.96875	0.0171875         
100	6.529166667	0.001583333
250	6.529166666	0.001583333
450	6.529166666	0.001583333
14 0.00919071	4.05358615  0.0012 5.74903664138488	
2	1	0.5           
4	2.6	0.1          
9	2	0.166666667   
15	4	0.033333333   
60	5.08125	0.0153125 
100	6.4375	0.00175   
250	6.4375	0.00175   
450	6.4375	0.00175   
20 0.00752278	4.14523835  0.0016 7.42924133947781
2	0.8	0.1            
4	0.16	0.26       
9	-1.25	0.416666667
15	4.5	0.033333333    
60	6.5	0              
100	6.3	0.002         
250	6.3	0.002         
450	6.3	0.002         
24 0.005950550406	4.152827596  0.0016 7.42924133947781
2 0.308333333	0.20731982
4 0.1350900906	0.2506306306
9 -1.227477477	0.402027027
15 4.246996997	0.03706206207
60 6.454673424	0.00026745495
100 6.27728979	0.002041291293
250 6.277289791	0.00204129129
450 6.277289791	0.00204129129
30 0.005135815404	4.128767283  0.0016 7.42924133947781
2 0.0166666667	0.1876126126
4 -0.336306306	0.2758558558
9 -1.826576577	0.4414414415
15 4.21021021	0.038988989
60 6.697860361	-0.00247184685
100 6.239714715	0.002109609607
250 6.239714714	0.00210960961
450 6.239714714	0.00210960961
End Q9
Query Q10
2 0.06497512	3.64266572  0.0002 1.0
2	5.5	0.75               
4	4.1	1.1                 
9	8	0.666666667          
15	12.66666667	0.355555556
60	10	0.4                 
100	43.33333333	0.066666667
250	43.33333334	0.066666667
450	43.33333334	0.066666667
4 0.0356595	 3.67357269  0.0004 2.19129633261581	
2	4.6	0.2                
4	3.32	0.52             
9	2	0.666666667          
15	9.333333333	0.177777778
60	9.5	0.175              
100	19	0.08                
250	19	0.08                
450	19	0.08                
10 0.01856722	4.02301209  0.001  4.99579925420858		
2	4	0.25            
4	3.4	0.4           
9	2.5	0.5               
15	9	0.066666667     
60	-1.53125	0.2421875
100	17.5625	0.05125   
250	17.5625	0.05125   
450	17.5625	0.05125   
14 0.00981529	3.57216915  0.0012 5.74903664138488	
2	3	0.45                 
4	3.84	0.24             
9	1.5	0.5                  
15	8	0.066666667          
60	0.28125	0.1953125      
100	16.60416667	0.032083333
250	16.60416666	0.032083333
450	16.60416666	0.032083333
20 0.00769144	3.68420496  0.0016 7.42924133947781
2	3.1	0.35               
4	4.1	0.1                 
9	-1	0.666666667          
15	8.333333333	0.044444444
60	4.25	0.1125           
100	15.16666667	0.003333333
250	15.16666666	0.003333333
450	15.16666666	0.003333333
24 0.008141928264	3.753101602  0.0016 7.42924133947781
2 2.75855856	0.4229729725
4 4.232432432	0.0545045046
9 -1.189189188	0.6569069068
15 7.978228229	0.04574574569
60 4.62584458	0.1016188065
100 14.92924175	-0.0014151652
250 14.92924174	-0.00141516515
450 14.92924174	-0.00141516515
30 0.007093578028	3.754956804  0.0016 7.42924133947781
2 2.600900902	0.4418918915
4 4.349729729	0.0046846848
9 -1.756756756	0.6831831832
15 7.857357358	0.0422422422
60 5.56587838	0.0804335585
100 14.5364114	-0.009271771733
250 14.53641141	-0.00927177175
450 14.53641141	-0.00927177175
End Q10
Query Q12
2 0.06051927	0.64064876  0.0002 1.0
2	5.5	0.25               
4	6.1	0.1                
9	6.25	0.083333333      
15	7.166666667	0.022222222
60	8.05	0.0075           
100	8.666666667	0.001333333
250	8.666666666	0.001333333
450	8.666666666	0.001333333
4 0.02987769	1.52822468  0.0004 2.19129633261581	
2	4	0.25                 
4	4.6	0.1                
9	4.75	0.083333333       
15	5.666666667	0.022222222
60	6.7	0.005              
100	6.666666667	0.005333333
250	6.666666666	0.005333333
450	6.666666666	0.005333333
10 0.01131944	1.72576868  0.001  4.99579925420858		
2	3.5	0.25               
4	4.1	0.1                
9	4.25	0.083333333       
15	5.166666667	0.022222222
60	6.0125	0.008125        
100	6.291666667	0.005333333
250	6.291666666	0.005333333
450	6.291666666	0.005333333
14 0.00999945	1.66640137  0.0012 5.74903664138488	
2	3	0.25                 
4	3.2	0.2                
9	4.25	0.083333333       
15	5.333333333	0.011111111
60	5.1375	0.014375        
100	6.041666667	0.005333333
250	6.041666666	0.005333333
450	6.041666666	0.005333333
20 0.00753171	1.66130749  0.0016 7.42924133947781
2	2.5	0.25                
4	3.1	0.1                
9	2.5	0.166666667         
15	4.733333333	0.017777778
60	5.2	0.01               
100	5.666666667	0.005333333
250	5.666666666	0.005333333
450	5.666666666	0.005333333
24 0.005729925914	1.796577116  0.0016 7.42924133947781
2 2.361486486	0.25
4 2.803828828	0.1394144146
9 2.602477479	0.1617867867
15 4.824399399	0.01365865867
60 4.902702703	0.0123536036
100 5.60472973	0.005333333333
250 5.604729729	0.005333333335
450 5.604729729	0.005333333335
30 0.004740556939	1.815802923  0.0016 7.42924133947781
2 2.195945946	0.25
4 2.631981982	0.140990991
9 2.326576578	0.1749249248
15 4.758708708	0.0127827828
60 4.760810811	0.01274774775
100 5.502252253	0.005333333333
250 5.502252252	0.005333333335
450 5.502252252	0.005333333335
End Q12
Query Q14
2 0.03689532	1.30505204   0.0002 1.0
2	3.9	0.4                
4	5.1	0.1                
9	5.25	0.083333333       
15	6.333333333	0.011111111
60	6.7	0.005              
100	6.666666667	0.005333333
250	6.666666666	0.005333333
450	6.666666666	0.005333333
4 0.0191988	1.84275835  0.0004 2.19129633261581	
2	3.1	0.2                
4	3.66	0.06             
9	3	0.133333333          
15	4.666666667	0.022222222
60	4.5	0.025              
100	6.666666667	0.003333333
250	6.666666666	0.003333333
450	6.666666666	0.003333333
10 0.00710607	1.64848813  0.001  4.99579925420858		
2	2.3	0.25               
4	2.9	0.1                  
9	3.05	0.083333333      
15	4.066666667	0.015555556
60	3.4625	0.025625
100 5.416666667	0.006083333333
250 5.416666666	0.006083333335
450 5.416666666	0.006083333335
14 0.00626883	1.61109992  0.0012 5.74903664138488	
2	1.6	0.3                
4	2.64	0.04             
9	2.25	0.083333333      
15	3.166666667	0.022222222
60	3.1875	0.021875
100 4.583333333	0.007916666667
250 4.583333334	0.007916666665
450 4.583333334	0.007916666665
20 0.00537785	1.75430215  0.0016 7.42924133947781
2	1.6	0.1                
4	1.68	0.08            
9	1.8	0.066666667         
15	2.566666667	0.015555556
60	2.15	0.0225
100 3.333333333	0.01066666667
250 3.333333334	0.01066666666
450 3.333333334	0.01066666666
24 0.004029916998	1.745528567  0.0016 7.42924133947781
2 1.36509009	0.128490991
4 1.648963964	0.0575225226
9 1.557882883	0.06764264267
15 2.299774775	0.01818318318
60 2.118468469	0.02120495495
100 3.126876877	0.01112087087
250 3.126876879	0.01112087087
450 3.126876879	0.01112087087
30 0.003432598753	1.751708904  0.0016 7.42924133947781
2 1.243693694	0.1056306305
4 1.452522522	0.0534234234
9 1.348198198	0.065015015
15 2.049099099	0.01828828829
60 1.907207206	0.02065315317
100 2.785285286	0.01187237237
250 2.785285285	0.01187237237
450 2.785285285	0.01187237237
End Q14
Query Q19
2 0.03049971	1.42368726   0.0002 1.0
2	3.7	0.4                
4	4.74	0.14             
9	5.25	0.083333333      
15	6.333333333	0.011111111
60	6.7	0.005                
100	6.666666667	0.005333333
250	6.666666666	0.005333333
450	6.666666666	0.005333333
4 0.01461011	1.74012354   0.0004 2.19129633261581	
2	3.3	0.25               
4	3.82	0.12             
9	4.3	0.066666667          
15	5.066666667	0.015555556
60	5.7	0.005                
100	5.8	0.004              
250	5.8	0.004              
450	5.8	0.004              
10 0.00935036	1.62184742  0.001  4.99579925420858		
2	2.6	0.3                
4	3.4	0.1                  
9	3.25	0.116666667      
15	4.833333333	0.011111111
60	5.40625	0.0015625      
100	4.8625	0.007           
250	4.8625	0.007           
450	4.8625	0.007           
14 0.00547664	1.61029791   0.0012 5.74903664138488	
2	2.3	0.25               
4	2.9	0.1                 
9	2.75	0.116666667     
15	4.333333333	0.011111111
60	4.79375	0.0034375      
100	4.445833333	0.006916666667
250 4.445833334	0.006916666665
450 4.445833334	0.006916666665   
20 0.00455907	1.64966827   0.0016 7.42924133947781
2	2	0.15                 
4	2.44	0.04             
9	1.75	0.116666667      
15	3.166666667	0.022222222
60	4.5	0                  
100	3.633333333	0.008666666667
250 3.633333334	0.008666666665
450 3.633333334	0.008666666665               
24 0.004342407339 1.670214598  0.0016 7.42924133947781
2 1.916891892	0.1390765765
4 2.299144144	0.0435135136
9 1.640765766	0.1166666667
15 3.067192193	0.02157157156
60 4.311655405	0.000830518025
100 3.499136636	0.008955705707
250 3.499136637	0.008955705705
450 3.499136637	0.008955705705
30 0.003875188973  1.67355023  0.0016 7.42924133947781
2 1.817567568	0.1146396395
4 2.13990991	0.034054054
9 1.396396396	0.1166666667
15 2.796546546	0.02332332333
60 4.159121623	0.000613738725
100 3.277102101	0.00943393394
250 3.277102104	0.00943393393
450 3.277102104	0.00943393393
End Q19
Query CQ0
2 0.01695166	0.37647692  0.0002 1.0
2	3.1	0.35                 
4	4.1	0.1                  
9	4.25	0.083333333      
15	5.333333333	0.011111111
60	5.7	0.005              
100	5.333333333	0.008666666667
250 5.333333334	0.008666666665
450 5.333333334	0.008666666665
4 0.00910686	0.61053264  0.0004 2.19129633261581	
2	2.2	0.25               
4	2.96	0.06            
9	2.3	0.133333333         
15	4.066666667	0.015555556
60	4.7	0.005
100 4.333333333	0.008666666667
250 4.333333334	0.008666666665
450 4.333333334	0.008666666665
10 0.00423798	0.73513662  0.001  4.99579925420858		
2	1.8	0.25               
4	2.24	0.14             
9	2.3	0.133333333          
15	4.133333333	0.011111111
60	4.875	-0.00125
100 3.758333333	0.009916666667
250 3.758333334	0.009916666665
450 3.758333334	0.009916666665
14 0.00352462	0.88404059  0.0012 5.74903664138488	
2	1.4	0.2                
4	1.72	0.12             
9	2.05	0.083333333      
15	3.066666667	0.015555556
60	3.325	0.01125
100 3.375	0.01075
250 3.375	0.01075
450 3.375	0.01075
20 0.00290889	0.81842122  0.0016 7.42924133947781
2	1.3	0.1                
4	1.46	0.06            
9	1.25	0.083333333     
15	2.333333333	0.011111111
60	1.5	0.025
100 2.8	0.012
250 2.8	0.012
450 2.8	0.012
24 0.00255538853	0.8435139882   0.0016 7.42924133947781
2	1.171621622	0.0890765765
4 1.300720721	0.0568018018
9 1.212950451	0.066554054
15 2.018318318	0.01286286287
60 1.086711711	0.02838963965
100 2.705030031	0.01220645645
250 2.705030029	0.01220645646
450 2.705030029	0.01220645646
30 0.002293810571  0.8521734792  0.0016 7.42924133947781
2	1.086486487	0.0646396395
4 1.16954955	0.0438738738
9 1.043468467	0.057882883
15 1.717717718	0.01293293293
60 0.5301801805	0.03272522523
100 2.547897898	0.01254804805
250 2.547897898	0.01254804805
450 2.547897898	0.01254804805
End CQ0
Query CQ1
2 0.03887763	2.01924343  0.0002 1.0
2	7	1.5                 
4	11.4	0.4             
9	7.5	0.833333333         
15	14	0.4                 
60	12.5	0.425           
100	38.33333333	0.166666667
250	38.33333337	0.166666667
450	38.33333337	0.166666667
4 0.02212705	2.11175666  0.0004 2.19129633261581	
2	4	0.25                
4	4.2	0.2                 
9	-3	1                   
15	8.666666667	0.222222222
60	8.5	0.225              
100	19.66666667	0.113333333
250	19.66666666	0.113333333
450	19.66666666	0.113333333
10 0.00845485	2.05334655   0.001  4.99579925420858		
2	3.6	0.3                
4	3.04	0.44              
9	2.5	0.5                
15	9	0.066666667          
60	-3.59375	0.2765625     
100	15.72916667	0.083333333
250	15.72916666	0.083333333
450	15.72916666	0.083333333
14 0.0060522	1.77838558  0.0012 5.74903664138488	
2	3.2	0.2                
4	2.4	0.4                
9	3.75	0.25             
15	6.666666667	0.055555556
60	-4.15625	0.2359375    
100	13.10416667	0.063333333
250	13.10416666	0.063333333
450	13.10416666	0.063333333
20 0.00509961	1.94047752  0.0016 7.42924133947781
2	2.1	0.35               
4	3.1	0.1                
9	2.5	0.166666667        
15	4	0.066666667         
60	1.25	0.1125          
100	9.166666667	0.033333333
250	9.166666662	0.033333333
450	9.166666662	0.033333333
24 0.004417643998	1.934333095  0.0016 7.42924133947781
2	2.030180179	0.307657658
4 2.844234234	0.1041441442
9 2.992680182	0.08765015
15 3.373123123	0.06228728729
60 0.744650895	0.1060951578
100 8.516328837	0.02837837833
250 8.51632882	0.0283783784
450 8.51632882	0.0283783784
30 0.003778545963 1.93180453  0.0016 7.42924133947781
2	1.787387387	0.313963964
4 2.843603603	0.04990991
9 3.012387387	0.03115615617
15 2.548048048	0.06211211211
60 1.499436938	0.07958896395
100 7.440315315	0.02018018018
250 7.44031531	0.0201801802
450 7.44031531	0.0201801802
End CQ1
Query CQ2
2 0.04537141	0.96530475  0.0002 1.0
2	5	1                  
4	7.4	0.4                
9	8.75	0.25           
15	11.66666667	0.055555556
60	13.5	0.025          
100	8.333333333	0.076666667
250	8.333333337	0.07666666665
450	8.333333337	0.07666666665
4 0.01925093	1.53532686  0.0004 2.19129633261581	
2	4.2	0.3      
4	4.92	0.12    
9	3.75	0.25    
15	7	0.033333333
60	4.5	0.075    
100	8	0.04       
250	8	0.04       
450	8	0.04       
10 0.00735625	1.56577568   0.001  4.99579925420858		
2	3.7	0.3                
4	4.42	0.12             
9	4.75	0.083333333      
15	5.666666667	0.022222222
60	2.425	0.07625          
100	6.4	0.0365             
250	6.4	0.0365             
450	6.4	0.0365             
14 0.00592226	1.29017741   0.0012 5.74903664138488	
2	3.4	0.2                
4	3.56	0.16             
9	4.25	0.083333333      
15	5.333333333	0.011111111
60	1.875	0.06875          
100	5.333333333	0.034166667
250	5.333333338	0.034166667
450	5.333333338	0.034166667
20 0.00429788	1.4251189  0.0016 7.42924133947781
2	2.8	0.3                
4	3.6	0.1                 
9	3.75	0.083333333      
15	4.833333333	0.011111111
60	3.55	0.0325           
100	3.733333333	0.030666667
250	3.733333338	0.030666667
450	3.733333338	0.030666667
24 0.002510919839  1.497891413  0.0016 7.42924133947781
2	2.73445946	0.2605855855
4 3.309054055	0.1169369368
9 3.611486486	0.08333333333
15 4.75075075	0.0073823824
60 3.267342343	0.03210585585
100 3.469069067	0.03008858861
250 3.469069083	0.03008858855
450 3.469069083	0.03008858855
30 0.001750375509	1.50562039   0.0016 7.42924133947781
2	2.587837838	0.259009009
4 3.166216216	0.1144144144
9 3.445945946	0.08333333333
15 4.614114114	0.005455455444
60 3.436036035	0.0250900901
100 3.031831835	0.0291321321
250 3.031831823	0.02913213215
450 3.031831823	0.02913213215
End CQ2
Query CQ3
2 0.01608242	0.43048297   0.0002 1.0
2	3.1	0.35               
4	4.1	0.1                 
9	4.25	0.083333333      
15	5.333333333	0.011111111
60	5.25	0.0125           
100	6.166666667	0.003333333
250	6.166666666	0.003333333
450	6.166666666	0.003333333
4 0.00858117	0.58931432  0.0004 2.19129633261581	
2	2.3	0.25               
4	2.74	0.14             
9	3.25	0.083333333      
15	4.333333333	0.011111111
60	4.25	0.0125           
100	5.166666667	0.003333333
250	5.166666666	0.003333333
450	5.166666666	0.003333333
10 0.00369912	0.84832329   0.001  4.99579925420858		
2	2	0.25                 
4	2.6	0.1                  
9	2.75	0.083333333      
15	3.833333333	0.011111111
60	3.28125	0.0203125        
100	4.854166667	0.004583333
250	4.854166666	0.004583333
450	4.854166666	0.004583333
14 0.00314678	0.86633212   0.0012 5.74903664138488	
2	1.2	0.2                 
4	1.76	0.06              
9	1.55	0.083333333       
15	2.566666667	0.015555556
60	1.15625	0.0390625
100 4.645833333	0.004166666667
250 4.645833334	0.004166666665
450 4.645833334	0.004166666665
20 0.00290934	0.90186028  0.0016 7.42924133947781
2	1.1	0.1                
4	1.1	0.1                
9	1.25	0.083333333       
15	2.333333333	0.011111111
60	0.3	0.045
100 4.333333333	0.004666666667
250 4.333333334	0.004666666665
450 4.333333334	0.004666666665
24 0.002306766327 	0.8914765084   0.0016 7.42924133947781
2	0.837387388	0.0890765765
4 0.8567567572	0.0842342342
9 0.864864865	0.08333333333
15 1.921921922	0.01286286287
60 -0.400731981	0.05157376125
100 4.281719219	0.004749249253
250 4.281719221	0.004749249245
450 4.281719221	0.004749249245
30 0.002056852149  0.9004429462 0.0016 7.42924133947781
2	0.682882883	0.0646396396
4 0.6070270273	0.08360360352
9 0.609459459	0.08333333333
15 1.665465465	0.01293293293
60 -0.9237612625	0.05608671172
100 4.196321321	0.004885885887
250 4.196321323	0.00488588588
450 4.196321323	0.00488588588
End CQ3
Query YQ1
2 0.06186549    0.05952077 0.0002 1.0
2	1.85 0.07000000000000006   
5	2.0300000000000002 0.03399999999999998              
15	2.1500000000000004 0.025999999999999978          
25	2.5999999999999996 0.008000000000000005
75   0.35000000000000187 0.045  
125	 4.099999999999998 0.008000000000000007               
150	 0.4999999999999982 0.03200000000000001
375	 -3.629032258064516 0.04301075268817204
4 0.04932142	0.55746744 0.0004 2.19129633261581	
2	1.645833333333333 0.11083333333333338   
5	 2.0475000000000003 0.030499999999999965              
15	 2.0625 0.029499999999999995          
25	 2.5624999999999996 0.009500000000000003
75  1.1000000000000005 0.028999999999999995
125	 1.5999999999999996 0.025                 
150	 0.9166666666666652 0.029555555555555564
375	 -5.641129032258064 0.04704301075268817
10 0.01168923	2.05130744  0.001  4.99579925420858		
2	1.0333333333333332 0.23333333333333336
5	2.1 0.01999999999999997           
15	1.7999999999999998 0.03999999999999999     
25	2.4499999999999997 0.014000000000000004
75  3.3499999999999996 0.0020000000000000018 
125	-5.8999999999999995 0.076                
150	2.166666666666665 0.022222222222222227
375	-11.677419354838705 0.05             
14 0.00966322	2.49761291  0.0012 5.74903664138488	
2	1.2266666666666666 0.20666666666666664  
5	2.1699999999999995 0.01800000000000002             
15	1.9000000000000004 0.03599999999999998          
25	2.4499999999999997 0.014000000000000004
75  3.2299999999999995 0.003600000000000004    
125	-5.419999999999998 0.07279999999999999                
150	2.166666666666665 0.022222222222222227
375	-11.274193548387093 0.05806451612903225
20 0.00662422	3.16707111  0.0016 7.42924133947781
2	1.5166666666666668 0.16666666666666663 
5	2.275 0.014999999999999989             
15	2.0500000000000003 0.029999999999999978        
25	2.4499999999999997 0.014000000000000004
75  3.0500000000000003 0.005999999999999996
125	-4.699999999999999 0.06799999999999999            
150	2.166666666666665 0.022222222222222227
375	-10.669354838709673 0.0564516129032258
24 0.00459821	3.61337658  0.0016 7.42924133947781
2	1.7100000000000002 0.14   
5	2.345 0.012999999999999989          
15	2.1500000000000004 0.025999999999999978         
25	2.4499999999999997 0.014000000000000004
75  2.93 0.007599999999999998
125	-4.220000000000002 0.06480000000000001          
150	2.166666666666665 0.022222222222222227
375	-10.266129032258064 0.0553763440860215
30 0.00648305	2.26225287  0.0016 7.42924133947781
2	2.0000000000000004 0.09999999999999992
5	2.4499999999999997 0.010000000000000007           
15	2.3000000000000007 0.019999999999999973      
25	2.4499999999999997 0.014000000000000004
75  2.75 0.009999999999999998
125	-3.5 0.060000000000000005       
150	2.166666666666665 0.022222222222222227
375	-9.661290322580644 0.053763440860215055
End YQ1
